Date,Opponent,Result,S,Kills,Errors,Total Attacks,Hit Pct,Assists,Aces,SErr,Digs,RErr,Block Solos,Block Assists,BErr,PTS
8302019,Georgia,W 3 - 0,3.0,10.0,3.0,22.0,0.318,0.0,0.0,0.0,2.0,0.0,0.0,1.0,0.0,10.5
8312019,Wofford,W 3 - 0,2.0,7.222222222222222,1.3333333333333335,14.777777777777779,0.4502222222222222,0.0,0.0,0.0,1.4444444444444444,0.0,0.0,1.5555555555555554,0.0,8.0
8312019,Kennesaw St.,W 3 - 1,4.0,7.950819672131147,2.426229508196721,19.786885245901637,0.3415245901639344,0.0,0.0,0.0,1.6721311475409835,0.0,0.0,1.7377049180327866,0.0,8.819672131147541
9052019,@ Kansas St.,L 2 - 3,5.0,10.338753387533876,3.9756097560975605,26.63414634146341,0.29358265582655824,0.0,0.0,0.0,2.46070460704607,0.0,0.0,1.4878048780487805,0.0,11.082655826558266
9062019,"Omaha @ Manhattan, Kan.",L 0 - 3,2.0,8.750594954783438,3.6853879105188003,24.66063779152784,0.23599619228938598,0.0,0.0,0.0,2.026178010471204,0.0,0.0,1.045216563541171,0.0,9.273203236554023
9062019,"Central Ark. @ Manhattan, Kan.",W 3 - 0,3.0,8.547141989764942,3.2285540810130975,24.752623818197584,0.2370814467863648,0.0,0.0,0.0,2.0190823141642813,0.0,0.27105559892445136,1.0329603608292133,0.0,9.334677769104
9102019,App State,W 3 - 0,3.0,9.420968238285743,3.4237864628042955,26.08059474255357,0.2446530344503652,0.0,0.0,0.0,1.7611797670915599,0.25307332242756025,0.4555319803696085,1.024618972805753,0.0,10.388809705058227
9122019,South Carolina,L 2 - 3,5.0,10.281076874332875,4.5235366315070635,33.030471655454356,0.20772732082598916,0.24031880500416802,0.0,0.0,1.3379351500665972,0.19225504400333446,0.34605907920600204,1.2590213756848123,0.0,11.256646641381284
9142019,Wisconsin,L 0 - 3,0.0,7.906097111676596,3.4785772282479814,25.40026883802953,0.15974127917463293,0.1848039688204657,0.0,0.0,1.0288654928707066,0.1478431750563726,0.2661177151014707,0.9681811918643674,0.0,8.65630542271025
9192019,@ Minnesota,L 0 - 3,0.0,6.134672410353551,2.699173997989458,19.7091341347284,0.123949959670985,0.14339715194901392,0.0,0.0,0.7983398969077726,0.11471772155921116,0.20649189880658012,0.7512524020456923,0.0,6.716790510182978
9202019,"Oral Roberts @ Minneapolis, Minn.",W 3 - 1,0.0,4.7924411400941915,2.108610150137046,15.396888202782378,0.0968304167371196,0.11202267446472933,0.0,0.0,0.6236676891274895,0.08961813957178347,0.1613126512292103,0.5868826690862967,0.0,5.247195125866551
9272019,Boston College,L 1 - 3,0.0,3.7632257704228924,1.6557691215827965,12.090282337383503,0.0760353041328651,0.08796490203927229,0.0,0.0,0.48973002511587094,0.07037192163141784,0.12666945893655213,0.4608448846753525,0.0,4.120317671697122
9292019,Syracuse,L 2 - 3,0.0,2.966796451495177,1.3053508490018402,9.531558541621425,0.05994359208068217,0.0693484725995876,0.0,0.0,0.3860861370911416,0.05547877807967008,0.09986180054340615,0.3633140959254478,0.0,3.2483153000013076
10042019,@ Notre Dame,L 1 - 3,0.0,2.346140420268835,1.0322704774478313,7.537549383068301,0.047403347892545473,0.05484072038976642,0.0,0.0,0.30531662914672814,0.04387257631181314,0.07897063736126367,0.287308515983476,0.0,2.568765315621837
10062019,@ Louisville,L 0 - 3,0.0,1.8598007813995425,0.8182875261801983,5.975064455375506,0.03757694240714221,0.04347259599308829,0.0,0.0,0.24202647912962272,0.03477807679447063,0.06260053823004716,0.22775133061625702,0.0,2.036276984937719
10092019,Georgia Tech,L 0 - 3,0.0,1.4770676450557578,0.6498900534733287,4.745440733451256,0.029843887788855317,0.03452625981781249,0.0,0.0,0.1922192339870453,0.02762100785424999,0.049717814137649995,0.18088180461915834,0.0,1.6172263615029876
10112019,@ Virginia Tech,W 3 - 1,0.0,1.1748487515640382,0.5169177732196578,3.7744886904660917,0.023737609057999747,0.027461933364332405,0.0,0.0,0.15288976630975565,0.021969546691465926,0.03954518404463868,0.1438720582965897,0.0,1.2863299647569721
10182019,Duke,W 3 - 2,0.0,0.9355685116540478,0.4116376606731912,3.0057424512672806,0.018902994574453484,0.02186878957023828,0.0,0.0,0.12175086446074888,0.017495031656190624,0.031491056981143135,0.11456978378702219,0.0,1.0243444605287022
10202019,Wake Forest,W 3 - 0,1.0,0.9486432359584551,0.32810631497905907,3.0045771675049675,0.08264095649656039,0.017431077485011732,0.0,0.0,0.7058179858737347,0.013944861988009385,0.025100751578416906,0.2942452230011128,0.0,1.1208665990374287
10252019,Miami (FL),W 3 - 0,1.0,1.1613671282666216,0.6663851413176363,4.419980220175068,0.06591998552716305,0.013904199857399475,0.0,0.0,0.5630079005141294,0.01112335988591958,0.020022047794655256,0.23470978149287916,0.0,1.2987440668077166
10272019,Florida St.,L 1 - 3,2.0,1.1287932617234913,1.5411766405057992,6.3538207064044805,-0.0051192327173459826,0.011097472394321555,0.0,0.0,0.6512199328032329,0.008877977915457245,0.01598036024782305,0.18733083151191338,0.0,1.238439037727271
11012019,@ NC State,L 2 - 3,3.0,2.1102766787413203,1.835110158960487,9.707804598114674,0.022105496873820893,0.008861479197758221,0.0,0.0,1.3259546094013313,0.007089183358206578,0.012760530044771849,0.7540462871990008,0.0,2.500060352385592
11032019,@ North Carolina,L 0 - 3,1.0,2.289277980175912,1.6670963486855122,10.16896589430213,0.051256474498654704,0.007078659447917017,0.0,0.0,1.0591889811942818,0.0056629275583336145,0.010193269605000513,0.6023415228913782,0.0,2.6006420112266015
11082019,@ Virginia,L 0 - 3,3.0,2.2311478724684464,2.336839853226373,10.13501237447771,-0.019328146851144562,0.00565621023183199,0.0,0.0,1.2482439719069864,0.004524968185465593,0.008144942733838072,0.6822505781573684,0.0,2.5804181042809686
11102019,@ Pittsburgh,L 1 - 3,0.0,1.7832260973525536,1.8676995205147304,8.100323060687371,-0.01544785816472637,0.004520678266992805,0.0,0.0,0.9976484544275874,0.0036165426135942452,0.006509776704469644,0.5452830136973779,0.0,2.062377380905712
11152019,Virginia Tech,L 2 - 3,1.0,1.6261060115608086,1.493027238924012,7.077166146522268,0.054452975775626605,0.0036138017474951862,0.0,0.0,0.797513893948168,0.0028910413979961504,0.005203874516393073,0.43589580841590164,0.0,1.8492577902851524
11172019,Virginia,W 3 - 0,0.0,1.300096566778175,1.1936980575874458,5.6583023149768685,0.043535984956353455,0.002889289635197789,0.0,0.0,0.6376245263890863,0.0023114317081582327,0.00416057707468482,0.34850534956854423,0.0,1.4785098186371317
11222019,@ Georgia Tech,L 1 - 3,2.0,1.2399609341922808,1.5556585795430338,6.327937114058811,-0.009674135376253046,0.0023103118021560736,0.0,0.0,0.5098524740182511,0.00184824944172486,0.0033268489951047485,0.2786691968898501,0.0,1.3826223816323104
12012019,@ Syracuse,L 0 - 3,3.0,1.5925142972589807,2.0452845230841548,6.863177936302693,-0.029970715737865198,0.2021574979836155,0.0,0.0,0.4077239429674243,0.0014780266613758262,0.0026604479904764875,0.62346890922367,0.0,1.9069091998612924
8242018,"ETSU @ Columbia, S.C.",L 1 - 3,4.0,3.8768392951848565,2.436712182439323,12.297269428477456,0.029096549141913577,0.3619237794636642,0.0,0.0,0.5263259765800892,0.0011820549338486586,0.002127698880927586,0.6988684675110844,0.0,4.228401227821327
8242018,"A&M-Corpus Christi @ Columbia, S.C.",W 3 - 0,3.0,4.7022889218625075,2.1490848936817435,13.639144471456703,0.09694443260274438,0.2894672661157471,0.0,0.0,0.6211546950780735,0.0009454095848768447,0.40209827077312693,0.7591544783822004,0.0,5.483964431826735
8252018,@ South Carolina,L 0 - 3,3.0,4.962036931064864,2.1192442727697633,14.71216571217777,0.1197736332383758,0.23152790860426875,0.0,0.0,0.8971424160625597,0.0007561777429902571,0.32161485108395316,1.0075203584288337,0.20015858196660669,5.787411961363234
8312018,"Mississippi St. @ Boone, N.C.",W 3 - 2,5.0,5.970268587584169,3.8965219017423793,19.17255968028768,0.09040028902198732,0.18519295861983537,0.0,0.0,1.1178538253252623,0.000604846276680155,0.25725108548411474,1.0060153328197585,0.16010147636630653,6.730527339478162
9012018,"Davidson @ Boone, N.C.",W 3 - 0,3.0,7.176826667697122,3.517025093651279,20.538740480194555,0.14935012233422248,0.14813557657082937,0.0,0.0,0.894169638902938,0.00048381565152627517,0.20577476679277718,0.8047101924229856,0.12806493663751867,7.784956530701391
9012018,@ App State,W 3 - 2,5.0,8.141852795261647,3.413578111839876,21.4313544714074,0.19149719475110505,0.3185776007556273,0.0,0.0,1.1154254631474407,0.0003870132535032738,0.3646842747888435,0.8437840041594767,0.10244155523167285,8.928429072130228
9042018,@ Kennesaw St.,L 1 - 3,4.0,8.113473026447789,3.7309654875640206,22.545445120211912,0.175392529538222,0.25484139702385117,0.0,0.0,0.892267951765121,0.00030958547605226767,0.2917237427847547,0.6749724208367207,0.0819465931898992,8.742682979650903
9072018,UAB,W 3 - 1,4.0,8.490876400675951,3.3846824898451557,23.23653551349343,0.20192091079210994,0.20385988206108172,0.0,0.0,1.1138718930845144,0.20029958875412976,0.6334677160357405,0.9400467539007189,0.06555301853661075,9.59436749366205
9082018,North Dakota,W 3 - 0,3.0,8.992805367108586,3.307730009471241,23.389260130456698,0.22814217457711103,0.16307943588156187,0.0,0.0,0.8910512364277885,0.16023134915552004,0.5067478541429596,0.7519983469944779,0.05243969129777551,9.875552394748784
9082018,Troy,W 3 - 0,3.0,8.794211296587077,3.0461405435718083,21.511096040829283,0.268320415417007,0.1304581285608808,0.0,0.0,1.1128778464097555,0.32821299006189986,0.4053814409300834,0.8016069202336298,0.04195001014098785,9.600396197633975
9142018,"Villanova @ New Orleans, La.",W 3 - 1,4.0,9.835507449269466,3.4369643842564925,25.20936841738132,0.2596551805263249,0.104363034215709,0.0,0.0,1.6903790402032428,0.26256166549166193,0.32429437442417713,0.8412908110807733,0.03355889274197401,10.580447229234029
9142018,"Little Rock @ New Orleans, La.",W 3 - 0,3.0,9.668388188247542,2.9495196733927083,24.567426470928506,0.2805263638259517,0.08348820758024954,0.0,0.0,1.7523098177724619,0.4100650176401414,0.2594286018272694,0.8730360245947415,0.026846400398959705,10.364334802372182
9152018,@ Tulane,L 2 - 3,5.0,10.934818286555881,3.7596846599289706,28.454271832977717,0.26541980593694275,0.06678914546510416,0.0,0.0,1.6018350532407104,0.3280450366237944,0.2075384671373525,0.8984309800396799,0.2214936790783437,11.591572243713074
9212018,@ Boston College,L 0 - 3,3.0,11.147869128733674,4.207778223610867,28.163397670512477,0.2567352537095567,0.053430407223469735,0.0,0.0,1.2814462380596954,0.2624315638774739,0.366041560871462,0.7187325543906217,0.1771919282417483,11.873276966800448
9232018,@ Syracuse,L 1 - 3,4.0,12.118348140890186,5.366285654032776,32.7309668185285,0.22898669219225465,0.042743743941483614,0.0,0.0,1.0251430359741154,0.2099423933197079,0.2928292626405088,0.9749999960391547,0.14175161303910397,12.898677401550273
9282018,Notre Dame,L 0 - 3,3.0,11.294642635277386,5.293025332289174,31.18470610567013,0.2071884043044601,0.03419462278644363,0.0,0.0,1.020114209743018,0.16795208571992534,0.2342608590986491,0.779991503013522,0.3134087671548289,11.918899245882796
9302018,Louisville,L 2 - 3,5.0,11.435719024016594,6.234453069800241,32.747819351083294,0.17594963493132418,0.027355459919110415,0.0,0.0,1.0160912276139464,0.13436049807994532,0.18740705466211566,0.8239947356996927,0.25072482950742325,12.035123446528557
10032018,@ Georgia Tech,L 2 - 3,5.0,12.34860066663941,6.187561148684212,31.79822901015134,0.21216071736271266,0.021884215419251445,0.0,0.0,1.212878467718782,0.10748764935826614,0.1499245988713225,0.6591911945075293,0.20057846572933705,12.828120862764498
10072018,Virginia Tech,W 3 - 0,3.0,12.278878978465926,5.35003024138401,29.238526124839243,0.2749299736913618,0.017507274726362015,0.0,0.0,0.9702973644356513,0.0859896400649854,0.11993901039608981,0.7273544756979892,0.16046187795366743,12.76249522671101
10122018,@ Duke,L 0 - 3,3.0,12.223102187681542,5.680030080501071,29.19082004876656,0.25434361168011843,0.01400575731193148,0.0,0.0,0.7762344293500669,0.26879497340811614,0.09595078035254709,0.581880985224596,0.1283689298056065,12.609993460646388
10142018,@ Wake Forest,L 2 - 3,5.0,13.378498240508739,5.944027832302678,32.752706875960804,0.25027483127252026,0.011204565869604954,0.0,0.0,1.2209938912992122,0.21503521144153062,0.07676035038706877,0.8655088362516362,0.1026947774107375,13.888013009021625
10192018,@ Miami (FL),W 3 - 0,3.0,14.302809146171851,5.755220110039055,33.40217291635991,0.2724201178724899,0.008963627108686556,0.0,0.0,1.5767991756175388,0.1720276780940026,0.06140810501800077,0.8924073761283408,0.08215558741249773,14.810420939254023
10212018,@ Florida St.,L 1 - 3,4.0,14.842252244418551,7.804194804155432,37.32177413623543,0.22173563132636642,0.007170885311355043,0.0,0.0,1.261436459849497,0.3376236550926491,0.04912637182831833,1.1139279243566973,0.2657261467342045,15.448342578425217
10262018,NC State,W 3 - 1,4.0,15.873809333646715,7.2433517449590985,38.057424684760754,0.2505887159052449,0.0057366977687468255,0.0,0.0,2.0091546318362603,0.470099892145306,0.039301025663857125,1.6911465575152451,0.21258052902532715,16.75868363806819
10282018,North Carolina,W 3 - 0,3.0,15.699046445252383,6.594677603814002,38.045939680667196,0.25827101763498217,0.004589351507603704,0.0,0.0,1.607321356349048,0.37607936407162196,0.23144194378815142,1.752917607126157,0.1700641746693757,16.806947192603612
11022018,Virginia,W 3 - 1,4.0,15.35923556697261,6.475741526810332,37.63674983083252,0.25101678018133,0.003671476913362251,0.0,0.0,1.285855581646419,0.3008631394856643,0.1851533385477296,2.0023352521786744,0.13605118066335198,16.545556531609677
11042018,Pittsburgh,L 1 - 3,4.0,15.287388184765115,6.580593613746497,37.90940088477472,0.2418133897110922,0.20293792707499225,0.0,0.0,1.2286842514137937,0.24069028645515994,0.9481255254560405,2.2018689482871276,0.3088415910163587,17.33644818436472
11102018,@ Virginia,W 3 - 0,3.0,14.429907981240632,5.664472148903331,34.727511183929586,0.27525081185227285,0.16235022017468165,0.0,0.0,0.9829466656002646,0.19255208507901284,0.7584998527857353,1.7614938405185911,0.24707308793036134,16.069154754285663
11162018,Wake Forest,L 1 - 3,4.0,14.543926658012992,5.931578358714971,34.382008119828185,0.26860063355780484,0.32988057729525344,0.0,0.0,0.9863573406471559,0.15404157584886077,0.6067995189784552,1.6091947077309012,0.197658352019504,15.9553235308569
11212018,@ Virginia Tech,W 3 - 2,5.0,13.835139968644846,6.945264628809088,34.90560749887969,0.21488040393872848,0.26390433545083225,0.0,0.0,0.7890854946199444,0.12323320166196856,0.4854393827029296,1.6873559159118499,0.15812660588782237,15.164257309303698
11232018,Boston College,W 3 - 2,5.0,14.668113251443717,7.356212332822794,37.12448939953037,0.21110431736414695,0.4111236939736762,0.0,0.0,1.231269073340318,0.09858652355865055,0.38835135737537774,1.349884215555604,0.32650154274409776,15.731406716596894
11292018,Alabama A&M,W 3 - 0,3.0,13.934489701735119,6.484968798116771,33.89958756590615,0.24508349554966882,0.32889885437158095,0.0,0.0,0.9850149567655861,0.07886919467354558,0.31068099067670973,1.0799070414534309,0.26120115413723477,14.785124213138543
11302018,Radford,W 3 - 1,4.0,14.747592558877056,5.787974354883255,34.31967046474103,0.2794668301628115,0.2631190189805899,0.0,0.0,0.7880117721923077,0.26309553642750666,0.4485449277579238,1.0639256174882095,0.20896087207266825,15.728100295379082
12062018,Col. of Charleston,L 0 - 3,3.0,13.99807345900069,5.830379517179294,33.05573538006168,0.259373448364224,0.21049517389381828,0.0,0.0,0.6304092940929975,0.21047638785503675,0.3588358718172302,1.0511404839588696,0.16716866486639256,14.882479572797351
8252017,"UTRGV @ Provo, Utah",W 3 - 0,0.0,11.198457009852826,4.664302881785268,26.44458415416246,0.2074987261290883,0.1683961126890456,0.0,0.0,0.5043273561314828,0.16838108386037884,0.2870686524047704,0.8409122552046978,0.13373491090640657,11.905981789859942
8252017,"Saint Louis @ Provo, Utah",W 3 - 1,0.0,8.958764483180033,3.7314418369751206,21.155664667403116,0.16599896006341036,0.1347168732385955,0.0,0.0,0.4034618342537349,0.1347048501771715,0.22965489309245568,0.6727297197078475,0.10698791529363626,9.524784236126411
8262017,@ BYU,L 1 - 3,2.0,7.167010866734765,3.1851532501171187,17.124530114476627,-0.06720092563371373,0.10777348776678862,0.0,0.0,0.32276943498606636,0.10776386931861542,0.18372389602189793,0.5381837217145072,0.085590323638758,7.619826623613914
9012017,Missouri St.,L 1 - 3,0.0,5.733608232709968,2.548122395359872,13.699622990858593,-0.053760736187460634,0.08621878328601597,0.0,0.0,0.25821552724202707,0.08621108852809567,0.14697910500819783,0.4305469427784788,0.06847225340947075,6.095860809107403
9022017,Lipscomb,W 3 - 0,1.0,4.586886291334197,2.03849778525827,10.959697688224441,-0.043008586185482284,0.06897502219526785,0.0,0.0,0.20657240851565492,0.0689688663893273,0.11758327644859422,0.344437532083185,0.054777799206594285,4.876688333824381
9022017,Oakland,W 3 - 1,0.0,3.6695088443737616,1.6307981443476638,8.76775769972365,-0.03440686717911485,0.055180014918745864,0.0,0.0,0.16525791831462622,0.05517509027424665,0.09406661632177894,0.27555001149720687,0.04382223711184701,3.901350466444142
9082017,Notre Dame,W 3 - 0,1.0,2.935606954735119,1.3046384618084068,7.014205871231167,-0.027525492610958564,0.04414401011901708,0.0,0.0,0.13220632921304695,0.04414007040357978,0.07525328996168174,0.22044000012938805,0.03505778824728356,3.121080244761493
9102017,@ Notre Dame,L 1 - 3,2.0,2.548485512827287,1.0437107350981045,6.011364564970538,0.07797961979996461,0.035315206932986794,0.0,0.0,0.10576505988969923,0.03531205516074067,0.06020262998807102,0.1763519942997493,0.02804622967482272,2.6968641399652316
9152017,Northern Ill.,W 3 - 1,1.0,2.0387883565844542,0.8349685660953674,4.809091525362302,0.062383694197529024,0.028252164802564282,0.0,0.0,0.08461204568408698,0.028249643384833767,0.04816210272244129,0.1410815917253925,0.02243698314913557,2.1574912551695906
9152017,Western Ky.,L 0 - 3,3.0,2.0310306846139805,1.0679748725070364,5.047273240356611,0.049906954306859964,0.02260173136600335,0.0,0.0,0.06768963512155932,0.022599714231861422,0.03852968136642314,0.11286527100309367,0.017949586141246004,2.1259930014819495
9162017,Dayton,W 3 - 0,0.0,1.6248245203129432,0.8543798836093552,4.037818524248175,0.03992556277274351,0.018081384788131923,0.0,0.0,0.05415170718479292,0.018079771080845575,0.030823744573759398,0.09029221528105398,0.014359668671036845,1.7007943725272288
9202017,Maryland,W 3 - 0,0.0,1.2998595987282806,0.6835038976738692,3.2302547758547893,0.03194044978763837,0.01446510763551626,0.0,0.0,0.043321365163863444,0.014463816669704584,0.0246589953266049,0.07223377125113381,0.011487734781975107,1.3606354796804516
9232017,@ Purdue,W 3 - 1,0.0,1.0398876677684976,0.5468031122423821,2.584203792815832,0.025552359554554583,0.011572085983619876,0.0,0.0,0.034657091757349406,0.011571053210981671,0.01972719604854625,0.05778701637773308,0.009190187726473294,1.0885083720059097
9292017,@ Michigan,L 1 - 3,0.0,0.831910127037757,0.4374424860200092,2.067363016417146,0.020441887467287756,0.009257668707028295,0.0,0.0,0.02772567316668506,0.00925684248892486,0.015781756702684894,0.04622961270335512,0.007352150117750288,0.8708066900921189
9302017,@ Michigan St.,L 0 - 3,0.0,0.6655280970368994,0.3499539864007136,1.6538904017189848,0.016353509860962425,0.00740613491450737,0.0,0.0,0.022180538380263595,0.007405473940029184,0.012625405275010567,0.036983689907432046,0.005881720053606089,0.6966453472656255
10062017,Penn St.,L 2 - 3,0.0,0.5324224746898036,0.27996318757478295,1.3231123140697592,0.013082807816534562,0.005924907898892126,0.0,0.0,0.017744430606236827,0.005924379119312497,0.010100324164240553,0.029586951762584322,0.004705376016904622,0.557316274735336
10072017,Rutgers,W 3 - 0,0.0,0.4259379778704247,0.2239705490705221,1.0584898465803332,0.010466246206997008,0.004739926298176888,0.0,0.0,0.01419554442228607,0.004739503274515054,0.008080259295700986,0.02366956130551622,0.003764300796896338,0.4458530178188835
10132017,@ Illinois,L 0 - 3,0.0,0.3407503810922321,0.17917643862326293,0.846791874271963,0.008372996936009996,0.0037919410251419506,0.0,0.0,0.011356435497698686,0.003791602606213679,0.006464207413718256,0.01893564897750018,0.0030114406268755604,0.3566824129947002
10142017,@ Northwestern,W 3 - 0,0.0,0.2726003041031568,0.14334115049339133,0.6774334975024962,0.006698397529871926,0.0030335528115378423,0.0,0.0,0.00908514837247564,0.0030332820763959902,0.005171365916355384,0.015148519139175958,0.0024091524946898814,0.2853459295891
10182017,Minnesota,L 0 - 3,0.0,0.21808024278932295,0.1146729201353729,0.5419467967763495,0.005358718011778457,0.0024268422437418143,0.0,0.0,0.007268118681543196,0.002426625655628823,0.0041370927237280065,0.01211881528393329,0.0019273219913931428,0.2282767431550175
10222017,Michigan,L 1 - 3,0.0,0.17446419391580878,0.09173833594232061,0.43355743663666524,0.004286974401666551,0.0019414737914808375,0.0,0.0,0.005814494934714674,0.0019413005209907579,0.0033096741729943726,0.009695052209605846,0.0015418575903249064,0.182621394193606
10272017,Purdue,L 0 - 3,0.0,0.1395713549306313,0.07339066864763076,0.346845948807307,0.003429579516369264,0.001553179030936597,0.0,0.0,0.004651595941039015,0.0015530404145447341,0.002647739334563157,0.007756041756458575,0.001233486070474576,0.1460971151434237
10282017,Indiana,W 3 - 0,0.0,0.11165708381521498,0.058712534850120145,0.27747675872454947,0.002743663609918466,0.001242543223310511,0.0,0.0,0.0037212767485222675,0.001242432330197149,0.0021181914651978275,0.006204833397982153,0.0009867888552370376,0.11687769197940384
11032017,@ Wisconsin,W 3 - 2,0.0,0.08932566696942634,0.046970027836586055,0.22198140677401007,0.002194930885901528,0.0009940345777275982,0.0,0.0,0.00297702139606009,0.0009939458632369908,0.0016945531705885352,0.004963866713787511,0.0007894310834583511,0.0935021534969086
11042017,@ Minnesota,L 0 - 3,0.0,0.07146053352258387,0.03757602224142241,0.17758512528760517,0.0017559447074199457,0.0007952276615927597,0.0,0.0,0.0023816171150831287,0.0007951566900003264,0.001355642535466203,0.003971093368087154,0.0006315448662986624,0.07480172274209362
11082017,@ Rutgers,W 3 - 0,0.0,0.057168426784174484,0.03006081777531621,0.1420681001458583,0.0014047557651031394,0.0006361821288970436,0.0,0.0,0.0019052936909369394,0.0006361253516231308,0.0010845140277300023,0.0031768746925862957,0.0005052358927393981,0.05984137815819761
11112017,@ Iowa,L 1 - 3,0.0,0.045734741405648316,0.024048654208847067,0.11365448006278212,0.0011238046115495085,0.00050894570287625,0.0,0.0,0.0015242349520266307,0.0005089002810571412,0.0008676112217725075,0.002541499752863643,0.000404188713999818,0.04787310250385263
11172017,Nebraska,L 1 - 3,0.0,0.03658779311063624,0.01923892335977788,0.09092358401572678,0.000899043688898485,0.0004071565621465135,0.0,0.0,0.0012193879611586353,0.00040712022469124035,0.0006940889771546496,0.0020331998015194626,0.0003233509710771662,0.038298481988550605
11182017,Iowa,L 0 - 3,0.0,0.029270234479624246,0.015391138683150446,0.07273886719050214,0.0007192349509004701,0.0003257252496183396,0.0,0.0,0.0009755103686307999,0.00032569617965412984,0.0005552711815551716,0.0016265598407218412,0.0002586807767832125,0.030638785581540328
11222017,@ Maryland,W 3 - 1,0.0,0.02341618757801316,0.012312910943530368,0.05819109373827096,0.0005753879605806526,0.00026058019963139405,0.0,0.0,0.0007804082947151306,0.0002605569436600319,0.00044421694513626644,0.0013012478722614863,0.00020694462137631694,0.024511028459280163
11252017,Illinois,L 2 - 3,0.0,0.018732950058771333,0.009850328752910701,0.04655287498157308,0.00046031036837509894,0.00020846415966461755,0.0,0.0,0.0006243266356508185,0.00020844555488753146,0.0003553735560399758,0.0010409982976069575,0.00016555569706889155,0.019608822763614787
8262016,"Texas St. @ Denton, Texas",W 3 - 0,1.0,0.014986360044687985,0.007880263001103862,0.03724229997947051,0.0003682482946428484,0.00016677132770577554,0.0,0.0,0.0004994613084430317,0.00016675644388410897,0.0002842988447877968,0.0008327986379561378,0.00013244455763452957,0.01568705820845385
8262016,@ North Texas,W 3 - 0,1.0,0.011989088034259774,0.006304210400099283,0.029793839979872117,0.00029459863567765106,0.00013341706214803258,0.0,0.0,0.00039956904670474663,0.00013340515509070082,0.00022743907580195975,0.0006662389102820763,0.00010595564609445011,0.012549646565202773
8272016,"Texas A&M @ Denton, Texas",W 3 - 2,2.0,0.009591270426453828,0.00504336831957779,0.023835071981526946,0.00023567890851867914,0.00010673364970780985,0.0,0.0,0.0003196552373320029,0.0001067241240619454,0.0001819512606234701,0.0005329911281726472,8.476451686712902e-05,0.010039717251163623
9022016,Wyoming,W 3 - 0,0.0,0.007673016340552507,0.004034694655341184,0.01906805758370428,0.0001885431267999406,8.53869197594535e-05,0.0,0.0,0.0002557241898452539,8.537929924276255e-05,0.00014556100848719353,0.000426392902504189,6.781161348830733e-05,0.008031773800291797
9022016,LIU,W 3 - 0,3.0,1.2061384133776065,0.20322775577499333,1.815254446524325,0.11135083452974516,6.830953580321439e-05,0.0,0.0,0.00020457935186318017,6.830343938986203e-05,0.000116448806782342,0.40034111442383336,5.42492907871925e-05,1.4064254193963055
9032016,BYU,L 2 - 3,1.0,0.9649107306529463,0.16258220461171502,1.4522035571455052,0.08908066761925962,5.464762863978853e-05,0.0,0.0,0.00016366348148220942,5.4642751509106894e-05,9.315904542112939e-05,0.3202728915227565,4.339943262754384e-05,1.1251403354597456
9092016,"IUPUI @ Springfield, Mo.",W 3 - 0,1.0,0.7719285844909082,0.33006576371666557,1.561762845734258,-0.028735465923791934,4.3718102910049715e-05,0.0,0.0,0.00013093078518043333,4.371420120550457e-05,7.452723633386722e-05,0.2562183132077667,3.471954610062057e-05,0.9001122683311253
9092016,@ Missouri St.,L 2 - 3,2.0,0.6175428675725992,0.2640526109647263,1.649410276598833,-0.022988372738284298,3.497448232689986e-05,0.0,0.0,0.00010474462814093278,3.497136096326385e-05,5.9621789065150544e-05,0.20497465055953273,2.7775636879591183e-05,0.7200898146414307
9102016,"Green Bay @ Springfield, Mo.",W 3 - 2,2.0,0.6940342940660571,0.41124208878713236,2.119528221328098,-0.018390698190147922,2.7979585860790353e-05,0.0,0.0,8.379570251056134e-05,2.797708876988161e-05,4.769743125087677e-05,0.16397972044335057,2.2220509503093572e-05,0.7760718517189833
9162016,"UNC Greensboro @ Muncie, IN",W 3 - 0,1.0,0.5552274352412641,0.3289936710228434,1.695622577027109,-0.014712558551811446,2.2383668688165375e-05,0.0,0.0,6.703656200705075e-05,2.2381671015438422e-05,3.815794499990548e-05,0.1311837763519441,1.7776407602104057e-05,0.6208574813622361
9162016,"Valparaiso @ Muncie, IN",W 3 - 0,0.0,0.44418194818559903,0.2631949368138827,1.356498061599051,-0.011770046841252747,1.7906934950233482e-05,0.0,0.0,5.362924960474568e-05,1.7905336812051948e-05,3.052635599941498e-05,0.10494702107980398,1.4221126081445934e-05,0.49668598508150047
9172016,@ Ball St.,W 3 - 0,1.0,0.35534555854373534,0.21055594944829523,1.0851984492647535,-0.009416037472876494,1.4325547959995542e-05,0.0,0.0,4.2903399683223786e-05,1.432426944945033e-05,2.4421084799205962e-05,0.08395761686272236,1.1376900865004867e-05,0.39734878805989576
9232016,@ Wisconsin,L 0 - 3,1.0,0.28427644683195225,0.16844475955683721,0.8681587594025311,-0.007532829978220745,1.1460438367874038e-05,0.0,0.0,3.4322719746212473e-05,1.1459415559437879e-05,1.953686783915612e-05,0.06716609348946057,9.101520691906692e-06,0.3178790304445217
9242016,@ Minnesota,L 1 - 3,2.0,0.42742115747045384,0.13475580764431844,1.094527007529761,0.09397373602089246,9.168350694220897e-06,0.0,0.0,0.20002745818263187,9.167532447471977e-06,1.5629494271191358e-05,0.05373287479110936,7.281216553463143e-06,0.45430322436027976
9282016,Northwestern,W 3 - 0,3.0,1.5419369260068347,0.7078046461311223,4.075621606105313,0.11277898881722813,7.334680555326585e-06,0.0,0.0,0.16002196654501175,7.334025957927452e-06,1.2503595416867622e-05,0.2429862998380618,5.824973242730701e-06,1.6634425795212826
10012016,@ Nebraska,W 3 - 1,4.0,2.233549540820595,0.9662437169105507,6.860497284945163,0.12362319105401968,5.867744444229182e-06,0.0,0.0,1.1280175732571818,0.2000058672251408,1.00028763334394e-05,0.5943890398781355,4.659978594159079e-06,2.5307540636359964
10072016,@ Michigan St.,L 0 - 3,3.0,2.5868396326626577,1.1729949735320582,7.488397827967118,0.13889855284348301,0.20000469419905492,0.0,0.0,1.1024140586052973,0.16000469377941268,8.002301066716514e-06,0.6755112319039278,0.20000372798637486,2.9246032509156885
10092016,@ Michigan,L 1 - 3,4.0,2.8694717061340826,1.9383959788363607,8.590718262389126,0.09571884227418197,0.160003755358684,0.0,0.0,1.2819312468867508,0.12800375502308217,6.4018408533508064e-06,0.540408985521251,0.16000298238853997,3.1396826007355614
10142016,Nebraska,L 1 - 3,3.0,2.8955773649075582,1.9507167830692267,9.072574609916698,0.094775073819335,0.12800300428658884,0.0,0.0,1.225544997508769,0.10240300401817905,5.121472682666307e-06,0.83232718842027,0.3280023859127133,3.311746080590376
10152016,Iowa,W 3 - 0,3.0,3.116461891928026,1.5605734264518865,8.858059687931437,0.17582005905619408,0.10240240342904174,0.0,0.0,1.1804359980066113,0.08192240321435976,4.09717814612387e-06,0.8658617507365166,0.26240190872958297,3.5493968644744305
10192016,@ Penn St.,L 0 - 3,3.0,3.293169513543687,1.4484587411607057,9.28644775034822,0.19525604724509457,0.0819219227430866,0.0,0.0,1.3443487984064637,0.06553792257137038,3.2777425168932225e-06,1.092689400590839,0.4099215269847236,3.8395174915816237
10222016,Michigan St.,W 3 - 0,3.0,2.83453561083232,1.5587669929291972,8.829158200275955,0.1276048377956878,0.06553753819437534,0.0,0.0,1.0754790387236295,0.05243033805702116,2.6221940135108196e-06,0.8741515204714183,0.32793722158730887,3.271613993262043
10262016,@ Maryland,L 2 - 3,4.0,2.867628488666008,1.4470135943428453,8.463326560219087,0.15928387023669555,0.05243003055544015,0.0,0.0,1.460383230980669,0.04194427044556883,2.09775521080625e-06,0.6993212163763327,0.2623497772695462,3.217291194609386
10282016,Maryland,W 3 - 0,3.0,2.894102790932904,1.3576108754739482,8.570661248175664,0.17182709618940248,0.2419440244450476,0.0,0.0,1.5683065847849313,0.033555416356424284,1.6782041686434606e-06,0.7594569731012869,0.20987982181544446,3.273832955687716
11022016,Wisconsin,L 0 - 3,0.0,2.315282232744624,1.0860887003783615,6.8565289985355,0.13746167695142109,0.19355521955589602,0.0,0.0,1.2546452678270243,0.026844333085119725,1.3425633349137832e-06,0.6075655784805836,0.16790385745223232,2.619066364548251
11052016,@ Indiana,L 1 - 3,0.0,1.8522257861946114,0.8688709603021789,5.485223198825179,0.10996934156107231,0.1548441756446259,0.0,0.0,1.00371621426103,0.02147546646808317,1.074050667930396e-06,0.4860524627841814,0.134323085961707,2.09525309163737
11112016,Rutgers,W 3 - 0,0.0,1.4817806289549933,0.6950967682414168,4.388178559058082,0.08797547324881652,0.12387534051564254,0.0,0.0,0.802972971408447,0.017180373174458467,8.592405343439132e-07,0.3888419702271625,0.10745846876931513,1.6762024733091088
11122016,Penn St.,W 3 - 2,0.0,1.185424503163549,0.5560774145929244,3.510542847245146,0.07038037859902677,0.09910027241247679,0.0,0.0,0.6423783771265162,0.013744298539561607,6.873924274748723e-07,0.3110735761816131,0.0859667750154198,1.340961978646783
11182016,@ Northwestern,W 3 - 1,1.0,0.9483396025305543,0.4448619316742058,2.8084342777952727,0.056304302879204494,0.07928021792995761,0.0,0.0,0.5139027017010586,0.010995438831645981,5.499139419797325e-07,0.24885886094521567,0.06877342001231516,1.072769582917104
11192016,@ Illinois,L 1 - 3,3.0,0.9586716820244533,0.3558895453392791,2.4467474222358705,0.2450434423035451,0.26342417434414317,0.0,0.0,0.6111221613609403,0.00879635106531467,4.399311535836802e-07,0.19908708875612466,0.055018736009838906,1.0582156663336693
11252016,Purdue,W 3 - 2,1.0,0.9669373456195689,0.28471163627136853,2.157397937788474,0.3960347538429522,0.21073933947527398,0.0,0.0,0.6888977290888121,0.0070370808522503825,3.519449228668764e-07,0.1592696710048691,0.044014988807862664,1.0465725330669264
11262016,Indiana,W 3 - 2,2.0,0.7735498764955361,0.6277693090173059,2.1259183502307595,0.11682780307418995,0.16859147158019322,0.0,0.0,0.5511181832709648,0.005629664681799439,2.815559382934578e-07,0.32741573680399877,0.03521199104628471,0.9372580264534738
12022016,"Missouri St. @ Manhattan, Kan.",W 3 - 0,0.0,0.6188399011963527,0.5022154472137829,1.7007346801843986,0.09346224245934046,0.13487317726413797,0.0,0.0,0.4408945466167177,0.0045037317454389965,2.2524475063473856e-07,0.2619325894431668,0.028169592837024304,0.7498064211626868
12032016,@ Kansas St.,W 3 - 2,0.0,0.4950719209570334,0.40177235777098674,1.3605877441473848,0.074769793967465,0.10789854181129974,0.0,0.0,0.3527156372933394,0.003602985396350842,1.801958005077731e-07,0.2095460715545128,0.022535674269617223,0.5998451369300903
12092016,@ Wisconsin,L 2 - 3,1.0,0.3960575367655955,0.32141788621676404,1.488470195317948,0.05981583517396729,0.08631883344903299,0.0,0.0,0.28217250983464925,0.002882388317080446,1.4415664040620712e-07,0.36763685724365996,0.01802853941569236,0.579876109544066
